0.31266288109997026
0.34458399835149683
0.3812354149091474
0.4203814639561711
0.45871894571279515
0.49259553496633113
0.5192573005987662
0.5378131653902938
0.5492042016364942
0.5553584611971442
0.5582655349518945
0.5594493679297341
0.5598557498385724
0.5599698750553184
0.5599951758073636
0.5599994320641306
0.559999953029718
0.5599999974046455
0.559999999909629
0.5599999999981548
0.5599999999999798
0.5599999999999999
0.56
0.56
0.56
0.56
0.56
0.56
0.56
0.56
0.56
0.56
0.56
0.56
0.56
0.56
0.56
0.56
0.56
0.56
0.56
0.56
0.56
0.56
0.56
0.56
0.56
0.56
0.56
0.56
